%YAML:1.0
---
model_type: MEI
camera_name: HJN12330280
image_width: 1920
image_height: 1080
mirror_parameters:
   xi: 1.5255064195428965e+00
distortion_parameters:
   k1: -1.4606222098233149e-01
   k2: 2.6444688893302531e-01
   p1: -5.7547625212386088e-03
   p2: -3.9644802748518577e-03
projection_parameters:
   gamma1: 6.7295625709917692e+02
   gamma2: 6.7002420693981446e+02
   u0: 9.6161277792603983e+02
   v0: 5.9319414346543101e+02
