%YAML:1.0
---
model_type: MEI
camera_name: HJN12330242
image_width: 1920
image_height: 1080
mirror_parameters:
   xi: 1.5277101697821733e+00
distortion_parameters:
   k1: -1.2830539925933276e-01
   k2: 2.3860279273876595e-01
   p1: -2.5415439467566889e-03
   p2: -5.4460129045626375e-03
projection_parameters:
   gamma1: 6.7231379678132350e+02
   gamma2: 6.7123551942874587e+02
   u0: 9.6495242257795712e+02
   v0: 5.3244541980790405e+02
