%YAML:1.0
---
model_type: MEI
camera_name: HJN12330295
image_width: 1920
image_height: 1080
mirror_parameters:
   xi: 1.5998858996759568e+00
distortion_parameters:
   k1: -1.6185960968064195e-01
   k2: 4.0584863787646902e-01
   p1: -8.9275499810653996e-04
   p2: -3.3803367144726042e-03
projection_parameters:
   gamma1: 7.0328602423298139e+02
   gamma2: 7.0018247755829316e+02
   u0: 9.6787348233069872e+02
   v0: 5.7754464244454300e+02
