%YAML:1.0
---
model_type: MEI
camera_name: HJN12330213
image_width: 1920
image_height: 1080
mirror_parameters:
   xi: 1.6822405061784271e+00
distortion_parameters:
   k1: -1.2987242233205068e-01
   k2: 5.5192238784624403e-01
   p1: -6.9116500942471490e-04
   p2: -7.8805496715498215e-03
projection_parameters:
   gamma1: 7.1858814006096168e+02
   gamma2: 7.1444916264219387e+02
   u0: 9.6524497234449484e+02
   v0: 5.5531028379443364e+02
