%YAML:1.0
---
model_type: MEI
camera_name: HJN2330216
image_width: 1920
image_height: 1080
mirror_parameters:
   xi: 1.4224993594397581e+00
distortion_parameters:
   k1: -1.5504960886620966e-01
   k2: 1.6324438621455753e-01
   p1: -3.6196082762487681e-03
   p2: -2.9424006476672106e-03
projection_parameters:
   gamma1: 6.5033896667582462e+02
   gamma2: 6.4344455647350310e+02
   u0: 9.6592567317637383e+02
   v0: 5.5576120888402670e+02
