%YAML:1.0
---
model_type: MEI
camera_name: HJN12330206
image_width: 1920
image_height: 1080
mirror_parameters:
   xi: 1.5936076517087043e+00
distortion_parameters:
   k1: -1.4435335306397545e-01
   k2: 3.8639537301959065e-01
   p1: 2.2855343949325230e-03
   p2: -6.2351521496994246e-03
projection_parameters:
   gamma1: 6.9272655681635035e+02
   gamma2: 6.8706577711136367e+02
   u0: 1.0149881750221942e+03
   v0: 5.1958560270065288e+02
