%YAML:1.0
---
model_type: MEI
camera_name: HJN12330196
image_width: 1920
image_height: 1080
mirror_parameters:
   xi: 1.5622039269740255e+00
distortion_parameters:
   k1: -1.4805258038199998e-01
   k2: 3.1845556650597873e-01
   p1: 5.1341443651645906e-04
   p2: -2.8876475166016496e-03
projection_parameters:
   gamma1: 6.8855473253886498e+02
   gamma2: 6.8818765820884073e+02
   u0: 9.6162301915257524e+02
   v0: 5.5015997669354135e+02
