%YAML:1.0
---
model_type: MEI
camera_name: HJN12330372
image_width: 1920
image_height: 1080
mirror_parameters:
   xi: 1.6911530352569029e+00
distortion_parameters:
   k1: -1.7891414182009988e-01
   k2: 6.5321210878022973e-01
   p1: 1.2060526313830290e-03
   p2: -2.8911000600728774e-03
projection_parameters:
   gamma1: 7.2055775928461935e+02
   gamma2: 7.1898795311341394e+02
   u0: 9.9529125212425879e+02
   v0: 5.9483961963105082e+02
