%YAML:1.0
---
model_type: MEI
camera_name: HJN12330231
image_width: 1920
image_height: 1080
mirror_parameters:
   xi: 1.5604986547001878e+00
distortion_parameters:
   k1: -1.3591623262626118e-01
   k2: 3.0395653205094775e-01
   p1: -2.3243162342750788e-03
   p2: -3.6880878950220188e-03
projection_parameters:
   gamma1: 6.8540105975886524e+02
   gamma2: 6.8362314983655108e+02
   u0: 9.5866973084904123e+02
   v0: 5.6027173700732317e+02
