%YAML:1.0
---
model_type: MEI
camera_name: HJN12330325
image_width: 1920
image_height: 1080
mirror_parameters:
   xi: 1.6072498744098549e+00
distortion_parameters:
   k1: -1.3307095068022587e-01
   k2: 3.8040138313367244e-01
   p1: -2.8936777972397901e-03
   p2: -3.8693290733569164e-03
projection_parameters:
   gamma1: 6.9942559341378285e+02
   gamma2: 6.9803954601999772e+02
   u0: 1.0023421979239400e+03
   v0: 5.7245978234280733e+02
