%YAML:1.0
---
model_type: MEI
camera_name: HJN12330306
image_width: 1920
image_height: 1080
mirror_parameters:
   xi: 1.5964078482155262e+00
distortion_parameters:
   k1: -1.5710894685638344e-01
   k2: 4.0747918324864241e-01
   p1: 3.6842830671947031e-04
   p2: -2.5317522792059816e-03
projection_parameters:
   gamma1: 6.9948293743601391e+02
   gamma2: 6.9495783132866006e+02
   u0: 1.0148721268247103e+03
   v0: 5.4723628218657939e+02
