%YAML:1.0
---
model_type: MEI
camera_name: HJN12330235
image_width: 1920
image_height: 1080
mirror_parameters:
   xi: 1.6471682299617456e+00
distortion_parameters:
   k1: -1.2072055046120898e-01
   k2: 4.4873875445668315e-01
   p1: -4.6153245842508340e-03
   p2: -7.2649314006784900e-03
projection_parameters:
   gamma1: 7.0373315794550740e+02
   gamma2: 7.0284744455156738e+02
   u0: 9.3560943837215257e+02
   v0: 5.8879287894559843e+02
