%YAML:1.0
---
model_type: MEI
camera_name: HJN12330211
image_width: 1920
image_height: 1080
mirror_parameters:
   xi: 1.5070784185798511e+00
distortion_parameters:
   k1: -1.6001173949761710e-01
   k2: 2.6822764332218019e-01
   p1: 4.3624339098171088e-04
   p2: -7.1127018267243651e-03
projection_parameters:
   gamma1: 6.6576097544703600e+02
   gamma2: 6.6015192431607818e+02
   u0: 9.6616889893325299e+02
   v0: 5.4092516361882895e+02
