%YAML:1.0
---
model_type: MEI
camera_name: HJN12330234
image_width: 1920
image_height: 1080
mirror_parameters:
   xi: 1.6110355748236083e+00
distortion_parameters:
   k1: -1.2769254521883089e-01
   k2: 3.9677070910975726e-01
   p1: -3.6683603295200829e-03
   p2: -3.7640862114601088e-03
projection_parameters:
   gamma1: 6.9781051192171162e+02
   gamma2: 6.9538604986752409e+02
   u0: 9.6023102126519098e+02
   v0: 5.6744660273577631e+02
