%YAML:1.0
---
model_type: MEI
camera_name: HJN12330294
image_width: 1920
image_height: 1080
mirror_parameters:
   xi: 1.5844382607931788e+00
distortion_parameters:
   k1: -1.3911863808310007e-01
   k2: 3.4900714635770641e-01
   p1: -4.1043347075727507e-03
   p2: -3.4081711730050961e-03
projection_parameters:
   gamma1: 6.9278614059886877e+02
   gamma2: 6.9022387750824942e+02
   u0: 1.0394518883603505e+03
   v0: 5.5535510962436706e+02
