%YAML:1.0
---
model_type: MEI
camera_name: HJN12330332
image_width: 1920
image_height: 1080
mirror_parameters:
   xi: 1.5790879403947062e+00
distortion_parameters:
   k1: -1.3604871318561035e-01
   k2: 3.3564873501874160e-01
   p1: -4.5844136508852162e-03
   p2: -3.0078894638299811e-03
projection_parameters:
   gamma1: 6.8539690789928670e+02
   gamma2: 6.8339585990160651e+02
   u0: 9.9233485738263425e+02
   v0: 5.4294555864299741e+02
