%YAML:1.0
---
model_type: MEI
camera_name: HJN12330270
image_width: 1920
image_height: 1080
mirror_parameters:
   xi: 1.4058211991520053e+00
distortion_parameters:
   k1: -1.5508062008740123e-01
   k2: 1.4377430742485470e-01
   p1: -5.6955757792756237e-03
   p2: -1.5499952002376201e-03
projection_parameters:
   gamma1: 6.3731968387756967e+02
   gamma2: 6.3577941128327734e+02
   u0: 1.0191942138968227e+03
   v0: 5.8193226422875352e+02
