%YAML:1.0
---
model_type: MEI
camera_name: HJN12330321
image_width: 1920
image_height: 1080
mirror_parameters:
   xi: 1.5598791689522506e+00
distortion_parameters:
   k1: -1.3430168169118190e-01
   k2: 2.9946936926689188e-01
   p1: -4.9724875838778968e-03
   p2: -3.3685600093786212e-03
projection_parameters:
   gamma1: 6.8651669377162568e+02
   gamma2: 6.8440144119374327e+02
   u0: 9.6086690641143502e+02
   v0: 5.5893975680614506e+02
