%YAML:1.0
---
model_type: MEI
camera_name: HJN12330298
image_width: 1920
image_height: 1080
mirror_parameters:
   xi: 1.6354582034577154e+00
distortion_parameters:
   k1: -1.5634271122293258e-01
   k2: 4.6316525373394551e-01
   p1: -1.9697111715827630e-03
   p2: -5.0653624573842784e-03
projection_parameters:
   gamma1: 7.0938054408862661e+02
   gamma2: 7.0764120128697880e+02
   u0: 1.0257737163533498e+03
   v0: 5.6957694675905373e+02
