%YAML:1.0
---
model_type: MEI
camera_name: HJN12330230
image_width: 1920
image_height: 1080
mirror_parameters:
   xi: 1.4357268747314067e+00
distortion_parameters:
   k1: -1.2581930168203675e-01
   k2: 1.5169613237958701e-01
   p1: -2.8158286550934207e-03
   p2: -7.5498578053595552e-03
projection_parameters:
   gamma1: 6.3806026347958789e+02
   gamma2: 6.3423097685966002e+02
   u0: 9.3379204218042730e+02
   v0: 5.6186187255876723e+02
