%YAML:1.0
---
model_type: MEI
camera_name: HJN12330229
image_width: 1920
image_height: 1080
mirror_parameters:
   xi: 1.5713903719996769e+00
distortion_parameters:
   k1: -1.3192271523228496e-01
   k2: 3.2545921994949301e-01
   p1: -7.2105538630122187e-04
   p2: -3.9035182050598735e-03
projection_parameters:
   gamma1: 6.8600642660291726e+02
   gamma2: 6.8339973275300474e+02
   u0: 9.7939681925058721e+02
   v0: 5.5673299397914775e+02
