%YAML:1.0
---
model_type: MEI
camera_name: HJN12330369
image_width: 1920
image_height: 1080
mirror_parameters:
   xi: 1.6411768402234699e+00
distortion_parameters:
   k1: -1.3856551896338498e-01
   k2: 4.6406568969867329e-01
   p1: -3.7717864707663110e-03
   p2: -4.2628975693420976e-03
projection_parameters:
   gamma1: 7.1066856725242371e+02
   gamma2: 7.0787399221107262e+02
   u0: 9.4274204929907341e+02
   v0: 5.5442653002746636e+02
