%YAML:1.0
---
model_type: MEI
camera_name: HJN12330345
image_width: 1920
image_height: 1080
mirror_parameters:
   xi: 1.5397750058991595e+00
distortion_parameters:
   k1: -1.4892552872252501e-01
   k2: 3.0257859384909730e-01
   p1: -2.6611438219309108e-03
   p2: -4.2751412707130966e-03
projection_parameters:
   gamma1: 6.8328922827255951e+02
   gamma2: 6.7799111599058483e+02
   u0: 9.7887818812640512e+02
   v0: 5.4688432739013615e+02
