%YAML:1.0
---
model_type: MEI
camera_name: HJN12330265
image_width: 1920
image_height: 1080
mirror_parameters:
   xi: 1.0740863032830079e+00
distortion_parameters:
   k1: -1.4769548862362972e-01
   k2: 3.2254572186088530e-03
   p1: -1.0613232403218595e-03
   p2: -2.5843146410916167e-03
projection_parameters:
   gamma1: 5.5410408997015804e+02
   gamma2: 5.5029507575597961e+02
   u0: 1.0029632749311651e+03
   v0: 5.8113600649681314e+02
