%YAML:1.0
---
model_type: MEI
camera_name: HJN12330384
image_width: 1920
image_height: 1080
mirror_parameters:
   xi: 1.6198869828674569e+00
distortion_parameters:
   k1: -1.7116382629490501e-01
   k2: 4.6641395927281082e-01
   p1: -1.0344926047558480e-03
   p2: -4.4717951205484182e-03
projection_parameters:
   gamma1: 7.0461495686007856e+02
   gamma2: 7.0210501329000010e+02
   u0: 1.0379202546810761e+03
   v0: 5.4377602468345549e+02
