%YAML:1.0
---
model_type: MEI
camera_name: HJN12330319
image_width: 1920
image_height: 1080
mirror_parameters:
   xi: 1.6516594969176488e+00
distortion_parameters:
   k1: -1.4494213837670378e-01
   k2: 5.0336535084711087e-01
   p1: 1.2234759080841416e-03
   p2: -6.0365150882569401e-03
projection_parameters:
   gamma1: 7.0907101532916465e+02
   gamma2: 7.0521933993325888e+02
   u0: 9.5217007910633879e+02
   v0: 5.6559736740995265e+02
