%YAML:1.0
---
model_type: MEI
camera_name: HJN12330200
image_width: 1920
image_height: 1080
mirror_parameters:
   xi: 1.5029857372920059e+00
distortion_parameters:
   k1: -1.3310272069246973e-01
   k2: 2.2785070862297113e-01
   p1: -7.1318396225529958e-04
   p2: -7.0597349672353897e-03
projection_parameters:
   gamma1: 6.6364278789518073e+02
   gamma2: 6.6106777862408717e+02
   u0: 1.0121803390730059e+03
   v0: 5.5147510948982006e+02
