%YAML:1.0
---
model_type: MEI
camera_name: HJN12330301
image_width: 1920
image_height: 1080
mirror_parameters:
   xi: 1.6539652152663182e+00
distortion_parameters:
   k1: -1.3411691597700617e-01
   k2: 4.9946169390714401e-01
   p1: -2.1316912697201765e-03
   p2: -8.3792886086341070e-03
projection_parameters:
   gamma1: 7.0180888633877407e+02
   gamma2: 6.9908396922237023e+02
   u0: 9.7913273384428715e+02
   v0: 5.5874331802019378e+02
