%YAML:1.0
---
model_type: MEI
camera_name: HJN12330366
image_width: 1920
image_height: 1080
mirror_parameters:
   xi: 1.6098179846596248e+00
distortion_parameters:
   k1: -1.1807083295669711e-01
   k2: 3.6760512940972428e-01
   p1: -2.4208448145853169e-03
   p2: -7.5425769427455748e-03
projection_parameters:
   gamma1: 6.9448477734210485e+02
   gamma2: 6.9447281804915633e+02
   u0: 9.4416915724865407e+02
   v0: 6.0392195401770323e+02
