%YAML:1.0
---
model_type: MEI
camera_name: HJN12330382
image_width: 1920
image_height: 1080
mirror_parameters:
   xi: 1.5291742055452999e+00
distortion_parameters:
   k1: -1.4959893108506778e-01
   k2: 2.8290541223587823e-01
   p1: -1.4951364801445491e-03
   p2: -2.7235576958056762e-03
projection_parameters:
   gamma1: 6.8099518928387977e+02
   gamma2: 6.7516128577651114e+02
   u0: 9.6623340053325933e+02
   v0: 5.7411185386068985e+02
