%YAML:1.0
---
model_type: MEI
camera_name: HJN12330351
image_width: 1920
image_height: 1080
mirror_parameters:
   xi: 1.6306662919399124e+00
distortion_parameters:
   k1: -1.4215668021235972e-01
   k2: 4.4383056601910464e-01
   p1: -1.4403813289223476e-03
   p2: -2.1823459402095574e-03
projection_parameters:
   gamma1: 7.0894884847940341e+02
   gamma2: 7.0621820553669022e+02
   u0: 9.9761180411917519e+02
   v0: 5.6928430734254368e+02
