%YAML:1.0
---
model_type: MEI
camera_name: HJN12330367
image_width: 1920
image_height: 1080
mirror_parameters:
   xi: 1.6476914939486209e+00
distortion_parameters:
   k1: -1.4693402279559575e-01
   k2: 4.9185482223012972e-01
   p1: -2.0239156837222093e-03
   p2: -4.4025809447974327e-03
projection_parameters:
   gamma1: 7.0997764249230238e+02
   gamma2: 7.0535982005110270e+02
   u0: 9.7326644829520694e+02
   v0: 5.7795134493700505e+02
