%YAML:1.0
---
model_type: MEI
camera_name: HJN12330374
image_width: 1920
image_height: 1080
mirror_parameters:
   xi: 1.6600372849863700e+00
distortion_parameters:
   k1: -1.4580127101090684e-01
   k2: 5.1751259047731102e-01
   p1: -2.5780143940987437e-03
   p2: -4.3574488181971410e-03
projection_parameters:
   gamma1: 7.1104422681980509e+02
   gamma2: 7.0845012504979525e+02
   u0: 9.7171777625615186e+02
   v0: 5.6159488667215805e+02
