%YAML:1.0
---
model_type: MEI
camera_name: HJN12330273
image_width: 1920
image_height: 1080
mirror_parameters:
   xi: 1.5929248825731963e+00
distortion_parameters:
   k1: -1.4479224885264555e-01
   k2: 3.7732442667375293e-01
   p1: -1.9326300716290736e-03
   p2: -1.1100212864470337e-03
projection_parameters:
   gamma1: 6.9315179692279901e+02
   gamma2: 6.9015687911920634e+02
   u0: 1.0021012540436481e+03
   v0: 5.8569053211720484e+02
