%YAML:1.0
---
model_type: MEI
camera_name: HJN12330214
image_width: 1920
image_height: 1080
mirror_parameters:
   xi: 1.6739663191416312e+00
distortion_parameters:
   k1: -1.5148629955378390e-01
   k2: 5.4908691852735714e-01
   p1: -2.6130102768072991e-03
   p2: -4.7145153294818887e-03
projection_parameters:
   gamma1: 7.1481857616288971e+02
   gamma2: 7.1358934442181146e+02
   u0: 9.7546996268474925e+02
   v0: 5.5976179099725414e+02
