%YAML:1.0
---
model_type: MEI
camera_name: HJN12330314
image_width: 1920
image_height: 1080
mirror_parameters:
   xi: 1.6315094708120286e+00
distortion_parameters:
   k1: -1.4584644257237953e-01
   k2: 4.5406631819921517e-01
   p1: -8.3225787751920626e-04
   p2: -4.7384602827642876e-03
projection_parameters:
   gamma1: 7.0585279477449126e+02
   gamma2: 7.0262182015776375e+02
   u0: 9.8592994992005799e+02
   v0: 5.0189762367707431e+02
