%YAML:1.0
---
model_type: MEI
camera_name: HJN12330199
image_width: 1920
image_height: 1080
mirror_parameters:
   xi: 1.6612396899571804e+00
distortion_parameters:
   k1: -1.7666980642734578e-01
   k2: 5.7677334321088658e-01
   p1: 1.0493008597497542e-03
   p2: -2.0111717081574085e-03
projection_parameters:
   gamma1: 7.1869115771640907e+02
   gamma2: 7.1635770389484378e+02
   u0: 1.0211260173095754e+03
   v0: 6.0754456644734898e+02
