%YAML:1.0
---
model_type: MEI
camera_name: HJN12330355
image_width: 1920
image_height: 1080
mirror_parameters:
   xi: 1.5356171124372981e+00
distortion_parameters:
   k1: -1.5309309661621653e-01
   k2: 2.8268465468589193e-01
   p1: -1.8004837054317376e-03
   p2: -3.9375950322042422e-03
projection_parameters:
   gamma1: 6.8808241899879090e+02
   gamma2: 6.8443175960873577e+02
   u0: 9.9538787726470116e+02
   v0: 5.9782271437732879e+02
