%YAML:1.0
---
model_type: MEI
camera_name: HJN12330227
image_width: 1920
image_height: 1080
mirror_parameters:
   xi: 1.5318330860842055e+00
distortion_parameters:
   k1: -1.2970022338512732e-01
   k2: 2.5987372401340381e-01
   p1: 1.1540691326698224e-03
   p2: -5.2891781954932061e-03
projection_parameters:
   gamma1: 6.7358100596524400e+02
   gamma2: 6.6983540270703020e+02
   u0: 1.0163921932299772e+03
   v0: 5.6366537956455238e+02
